/*********************************************
 * OPL 12.6.0.0 Model
 * Author: m@rcel.xyz
 * Creation Date: Nov 2, 2020 at 1:26:49 PM
 *********************************************/

nTasks = 50 ;
nCPUs = 70 ;
rt = [513.88 252.51 576.72 562.14 174.96 452.6 560.5 253.15 676.87 664.63 610.92 672.56 646.15 665.85 376.02 469.48 469.69 405.24 426.83 599.85 653.61 113.87 276.02 360.14 682.45 453.52 284.54 419.65 387.5 613.82 464.35 648.15 273.05 621.23 428.59 691.39 128.34 571.37 630.67 503.14 363.56 426.66 485.85 360.21 375.58 358.36 542.66 495.12 332.95 317.31] ;
rc = [221.4 400.53 198.04 495.66 158.29 680.13 343.17 153.63 388.74 235.3 302.01 599.21 587.73 437.83 292.42 233.24 353.07 121.29 401.91 332.62 378.4 347.64 142.84 143.05 373.31 203.79 373.91 699.43 291.45 618.14 645.31 611.33 312.51 322.62 516.38 467.09 349.37 628.88 352.39 589.27 552.19 111.07 400.43 530.5 637.48 468.7 367.45 375.1 344.79 651.71 137.35 676.91 265.25 300.29 642.12 505.27 488.2 393.13 562.58 287.92 262.08 494.13 594.06 566.94 494.46 584.58 606.19 566.62 491.76 375.71] ;
